22 serialization::archive 20 1 0
0 5 world 0 0 0 20 0 0 0 20 0 -1 -1 3 4 Wolf 1 0
1 0 0 0 0 0 8 5 Wolf8 0 4 8 6 1 0
2 1 0 0 0 5 Wolf8 0 -1 0 1 6 6 -1 -1 -1 8 5 Sheep 1 0
3 0 8 6 Sheep8 0 4 8 6
4 1 0 6 Sheep8 0 -1 1 0 6 6 -1 -1 3
5 0 8 6 Wolf14 0 4 8 6
6 1 0 6 Wolf14 0 -1 0 1 6 6 -1 8
7 0 8 7 Sheep20 0 4 8 6
8 1 0 7 Sheep20 0 -1 1 0 6 6 3
9 0 8 6 Wolf17 0 4 8 6
10 1 0 6 Wolf17 0 -1 0 1 6 6 -1 -1 8
11 0 8 6 Sheep7 0 4 8 6
12 1 0 6 Sheep7 0 -1 1 0 6 6 -1 -1 -1 -1 20 0 -1 -1 -1 3
13 0 8 6 Wolf12 0 4 8 6
14 1 0 6 Wolf12 0 -1 0 1 6 6 -1 -1 -1 -1 -1 -1 -1 -1 -1 -1 -1 -1 9 9 Toadstool 1 0
15 0 0 0 12 10 Toadstool8 0 6 8 6
16 1 0 10 Toadstool8 0 -1 1 -1 -1 -1 20 0 -1 -1 -1 -1 -1 -1 -1 -1 -1 -1 -1 -1 -1 -1 -1 11 5 Grass 1 0
17 0 5 6 Grass1 0 2 3 6
18 1 0 6 Grass1 0 -1 0 -1 -1 -1 -1 20 0 -1 11
19 0 5 6 Grass2 0 2 3 6
20 1 0 6 Grass2 0 -1 0 -1 -1 -1 3
21 0 8 5 Wolf5 0 4 8 6
22 1 0 5 Wolf5 0 -1 0 1 6 6 -1 3
23 0 8 6 Wolf19 0 4 8 6
24 1 0 6 Wolf19 0 -1 0 1 6 6 -1 3
25 0 8 6 Wolf16 0 4 8 6
26 1 0 6 Wolf16 0 -1 0 1 6 6 -1 -1 -1 -1 -1 -1 -1 -1 3
27 0 8 5 Wolf3 0 4 8 6
28 1 0 5 Wolf3 0 -1 0 1 6 6 -1 20 0 -1 -1 3
29 0 8 6 Wolf15 0 4 8 6
30 1 0 6 Wolf15 0 -1 0 1 6 6 -1 -1 3
31 0 8 6 Wolf13 0 4 8 6
32 1 0 6 Wolf13 0 -1 0 1 6 6 -1 -1 -1 -1 -1 -1 -1 -1 -1 -1 -1 9
33 0 12 10 Toadstool1 0 6 8 6
34 1 0 10 Toadstool1 0 -1 1 -1 -1 20 0 -1 -1 -1 -1 -1 -1 -1 -1 -1 -1 8
35 0 8 6 Sheep3 0 4 8 6
36 1 0 6 Sheep3 0 -1 1 0 6 6 -1 -1 -1 8
37 0 8 6 Sheep4 0 4 8 6
38 1 0 6 Sheep4 0 -1 1 0 6 6 -1 -1 -1 -1 3
39 0 8 5 Wolf1 0 4 8 6
40 1 0 5 Wolf1 0 -1 0 1 6 6 20 0 -1 -1 -1 -1 -1 -1 -1 -1 -1 -1 -1 -1 -1 3
41 0 8 6 Wolf18 0 4 8 6
42 1 0 6 Wolf18 0 -1 0 1 6 6 -1 -1 12 9 Dandelion 1 0
43 0 4 10 Dandelion3 0 2 4 6
44 1 0 10 Dandelion3 0 -1 0 -1 -1 -1 20 0 -1 -1 -1 -1 -1 -1 -1 -1 -1 -1 -1 8
45 0 8 7 Sheep17 0 4 8 6
46 1 0 7 Sheep17 0 -1 1 0 6 6 -1 -1 -1 -1 -1 12
47 0 4 10 Dandelion4 0 2 4 6
48 1 0 10 Dandelion4 0 -1 0 -1 -1 20 0 -1 -1 -1 -1 -1 8
49 0 8 7 Sheep13 0 4 8 6
50 1 0 7 Sheep13 0 -1 1 0 6 6 -1 -1 8
51 0 8 6 Sheep2 0 4 8 6
52 1 0 6 Sheep2 0 -1 1 0 6 6 -1 -1 8
53 0 8 6 Sheep1 0 4 8 6
54 1 0 6 Sheep1 0 -1 1 0 6 6 -1 -1 -1 -1 -1 -1 -1 -1 20 0 -1 -1 -1 -1 -1 -1 -1 3
55 0 8 5 Wolf2 0 4 8 6
56 1 0 5 Wolf2 0 -1 0 1 6 6 -1 -1 8
57 0 8 7 Sheep16 0 4 8 6
58 1 0 7 Sheep16 0 -1 1 0 6 6 -1 -1 -1 12
59 0 4 10 Dandelion1 0 2 4 6
60 1 0 10 Dandelion1 0 -1 0 -1 -1 -1 -1 -1 20 0 -1 -1 9
61 0 12 10 Toadstool6 0 6 8 6
62 1 0 10 Toadstool6 0 -1 1 -1 3
63 0 8 6 Wolf11 0 4 8 6
64 1 0 6 Wolf11 0 -1 0 1 6 6 -1 -1 -1 -1 -1 -1 -1 9
65 0 12 10 Toadstool7 0 6 8 6
66 1 0 10 Toadstool7 0 -1 1 -1 -1 3
67 0 8 5 Wolf4 0 4 8 6
68 1 0 5 Wolf4 0 -1 0 1 6 6 -1 -1 11
69 0 5 6 Grass5 0 2 3 6
70 1 0 6 Grass5 0 -1 0 -1 20 0 -1 -1 -1 9
71 0 12 10 Toadstool9 0 6 8 6
72 1 0 10 Toadstool9 0 -1 1 -1 -1 -1 -1 -1 -1 -1 -1 -1 -1 -1 -1 -1 -1 -1 9
73 0 12 10 Toadstool4 0 6 8 6
74 1 0 10 Toadstool4 0 -1 1 20 0 -1 -1 -1 -1 -1 -1 -1 -1 -1 -1 -1 -1 3
75 0 8 6 Wolf20 0 4 8 6
76 1 0 6 Wolf20 0 -1 0 1 6 6 -1 -1 -1 -1 -1 -1 -1 20 0 -1 -1 -1 -1 12
77 0 4 10 Dandelion2 0 2 4 6
78 1 0 10 Dandelion2 0 -1 0 -1 -1 8
79 0 8 7 Sheep10 0 4 8 6
80 1 0 7 Sheep10 0 -1 1 0 6 6 -1 -1 -1 -1 -1 -1 -1 -1 8
81 0 8 7 Sheep18 0 4 8 6
82 1 0 7 Sheep18 0 -1 1 0 6 6 -1 -1 -1 20 0 -1 -1 -1 -1 -1 8
83 0 8 7 Sheep11 0 4 8 6
84 1 0 7 Sheep11 0 -1 1 0 6 6 -1 -1 -1 -1 -1 -1 -1 -1 -1 -1 -1 -1 -1 -1 20 0 -1 -1 -1 -1 -1 -1 -1 -1 -1 -1 -1 -1 -1 -1 -1 -1 -1 -1 -1 -1 20 0 9
85 0 12 10 Toadstool5 0 6 8 6
86 1 0 10 Toadstool5 0 -1 1 -1 -1 8
87 0 8 7 Sheep19 0 4 8 6
88 1 0 7 Sheep19 0 -1 1 0 6 6 -1 -1 -1 -1 -1 -1 -1 -1 -1 3
89 0 8 5 Wolf9 0 4 8 6
90 1 0 5 Wolf9 0 -1 0 1 6 6 8
91 0 8 7 Sheep12 0 4 8 6
92 1 0 7 Sheep12 0 -1 1 0 6 6 -1 -1 3
93 0 8 6 Wolf10 0 4 8 6
94 1 0 6 Wolf10 0 -1 0 1 6 6 -1 -1 20 0 -1 -1 -1 8
95 0 8 7 Sheep15 0 4 8 6
96 1 0 7 Sheep15 0 -1 1 0 6 6 -1 -1 9
97 0 12 11 Toadstool10 0 6 8 6
98 1 0 11 Toadstool10 0 -1 1 -1 -1 -1 -1 -1 -1 11
99 0 5 6 Grass3 0 2 3 6
100 1 0 6 Grass3 0 -1 0 -1 -1 8
101 0 8 6 Sheep9 0 4 8 6
102 1 0 6 Sheep9 0 -1 1 0 6 6 -1 8
103 0 8 6 Sheep5 0 4 8 6
104 1 0 6 Sheep5 0 -1 1 0 6 6 -1 20 0 -1 -1 -1 -1 -1 3
105 0 8 5 Wolf7 0 4 8 6
106 1 0 5 Wolf7 0 -1 0 1 6 6 -1 8
107 0 8 6 Sheep6 0 4 8 6
108 1 0 6 Sheep6 0 -1 1 0 6 6 -1 12
109 0 4 10 Dandelion5 0 2 4 6
110 1 0 10 Dandelion5 0 -1 0 -1 9
111 0 12 10 Toadstool2 0 6 8 6
112 1 0 10 Toadstool2 0 -1 1 -1 -1 -1 8
113 0 8 7 Sheep14 0 4 8 6
114 1 0 7 Sheep14 0 -1 1 0 6 6 -1 -1 -1 -1 20 0 -1 -1 -1 -1 -1 3
115 0 8 5 Wolf6 0 4 8 6
116 1 0 5 Wolf6 0 -1 0 1 6 6 -1 -1 -1 -1 -1 -1 -1 11
117 0 5 6 Grass4 0 2 3 6
118 1 0 6 Grass4 0 -1 0 -1 -1 -1 -1 9
119 0 12 10 Toadstool3 0 6 8 6
120 1 0 10 Toadstool3 0 -1 1 -1
